msg_type: SLC
ip: 0x01020304
vpower1: 1.1865234375
vpower2: 1.1865234375
vpower3: 1.1865234375
vpower4: 1.1865234375
vpower5: 1.1865234375
vpower6: 1.1865234375
th1m: 1.
th1p: 1.
th2m: 1.
th2p: 1.
th3m: 1.
th3p: 1.
temp: 0.625
total_trig_rate: 10
ch1p_trig_rate: 2
ch1m_trig_rate: 2
ch2p_trig_rate: 2
ch2m_trig_rate: 2
ch3p_trig_rate: 2
ch3m_trig_rate: 2
max_coarse: 23
